1590
3794
413
4772
458
4761
75
814
4674
418
3622
2658
3712
4923
1993
4507
639
769
826
4243
3593
1451
946
4619
876
4583
1755
4875
1918
1045
1486
3549
3200
2159
2150
2212
2317
1569
3738
4935
3687
2552
3102
2693
2636
4273
4623
65
987
4959
4135
2114
3355
1210
2853
389
1848
4794
1952
1031
2187
2601
1106
2215
4379
3199
459
4627
4423
1988
912
4097
3025
1091
1800
233
2973
1020
796
3449
723
3124
3542
4700
1558
3959
3249
2774
2670
818
4419
3634
3962
1046
2040
4960
970
2020
567
3831
3257
182
994
1816
4974
546
304
1179
2639
4445
1256
1599
758
1786
4078
2183
2769
4524
3114
4784
1430
2051
2593
1163
1661
1265
1112
1481
3139
4114
1503
2018
1449
2884
2202
3625
4344
2939
4338
282
2265
1168
4971
102
2573
1613
11
725
1594
3771
4420
2340
4858
4430
399
3065
3466
3686
3082
74
4059
1212
4028
3382
2518
3270
4815
4228
1089
3443
1649
742
552
3392
2643
1226
1474
4193
3316
4847
529
2320
2754
1521
2602
3358
775
4562
388
1764
312
2773
1819
4054
390
3060
1253
4448
3853
1387
3311
1647
4190
1773
2158
1859
2437
4554
473
22
3150
2932
2444
206
4741
1562
3812
1436
3253
4184
4538
698
1028
134
1214
2842
4427
3973
2354
2259
4454
3277
4645
2134
4786
238
365
1675
237
4899
3732
2079
303
1499
2263
1953
1518
545
2891
4072
194
2390
936
2352
4223
1364
2423
2999
4505
3092
3088
4287
4196
4968
2541
2239
3746
4024
3545
456
1774
633
2893
2500
1872
163
3584
1211
1330
1924
231
3185
4360
2429
478
1950
3374
2735
265
3737
3183
3319
3255
3660
974
4088
4919
3056
1702
4366
4916
1747
880
1088
2201
4433
2963
4362
3052
2803
899
1995
4286
1846
2377
4836
2802
262
4415
4252
1715
1357
952
1069
4588
4251
144
2445
2494
699
2745
13
4521
2448
1951
4096
3614
369
1117
2919
4397
2775
696
2756
2548
2053
477
3084
4087
2682
755
3269
1885
71
4892
4309
3333
1932
359
2242
3890
4056
223
2698
916
2036
1182
3226
4642
1498
968
3407
4692
3818
2425
4112
285
2344
2815
1621
3922
2314
2169
1415
1729
2538
2209
3297
3631
463
2507
40
967
3363
978
2557
1401
2177
290
4782
520
236
4497
2370
501
2306
738
3557
4739
1236
571
439
4909
3081
2325
2323
2961
927
3857
1534
1994
3653
452
3467
4519
1085
804
4634
1213
3518
3103
3290
3278
156
743
3160
4917
52
214
2422
746
971
2346
4111
484
2351
728
1349
1836
3700
1356
4016
205
3702
4345
4139
19
1129
2337
3630
1376
4966
2062
2845
1094
1341
3202
4819
392
1733
1198
4390
103
336
3803
2013
2341
3511
4464
301
1325
3595
3775
1250
4373
481
154
307
340
3332
4220
2560
3723
1656
3477
3579
348
494
3767
1033
2464
4212
2887
1834
2927
632
4068
1492
7
3628
517
4555
2915
4582
1977
1815
4052
2251
4296
1008
4148
199
1200
4441
3086
4940
3256
1093
276
2555
2392
4778
3233
4658
1844
4947
1285
2720
465
2851
186
2381
736
3177
2547
3134
2041
3110
57
1841
3565
3907
1494
2166
3023
2817
2082
2433
1822
387
3608
2155
1912
4275
2797
4255
908
1136
2903
4516
2877
547
1019
2058
3039
39
1806
2474
349
4695
937
871
4705
4913
2978
1259
2261
733
802
3582
4855
907
2302
1249
4894
4187
1392
2549
1699
3047
1071
1519
4383
1502
3521
1812
2222
4525
1004
700
2985
158
2044
1095
3761
975
2528
3750
1397
1965
4654
416
1273
70
583
3718
32
613
4121
4337
415
2523
977
1326
1194
2374
1672
3090
4833
3764
1385
3166
2299
4393
4154
819
778
2161
2780
4866
1459
3083
2361
948
2987
4936
2940
332
4292
4874
2757
4450
4900
4954
3473
3502
2135
1299
4294
1243
2652
3691
4911
791
1789
1982
1282
3351
1077
1302
3915
3517
3377
3024
3338
2533
1434
3135
4227
2553
2160
1512
137
3173
1832
2967
1048
480
3484
923
3306
3373
3049
2231
4143
3567
1355
128
241
3991
4780
4463
3116
2438
1652
625
493
858
2458
4217
1165
1855
3693
3458
963
4394
4209
2120
370
2551
1690
3552
2926
3352
354
4239
4271
808
4530
1240
920
4556
3881
3421
3109
3213
2118
2033
3522
4876
3731
2562
1320
1717
3706
3289
2894
4180
516
295
2200
64
3251
4416
4922
1264
2789
3107
3061
4489
1593
2728
2080
4424
4849
3329
4005
4531
4680
1908
701
3923
3913
235
4549
3876
2228
1145
4839
3227
1828
3828
4499
543
4457
1248
2098
2576
564
3981
4402
2086
2928
175
4985
2137
1206
1158
4753
3393
3879
2072
3479
522
2673
1680
4838
2484
3348
2918
1134
1190
1575
4206
4604
1261
1861
3042
1914
4437
3106
3422
4738
4406
2065
1339
371
823
3612
3285
4897
1222
3675
2680
2335
2627
3032
4291
309
3378
4843
729
1023
3805
4288
4077
1906
2880
2140
4982
2708
1454
721
1712
764
2332
1360
3017
430
3715
2688
4747
1372
2790
1863
1643
2668
614
3717
2861
1567
1768
3793
2925
600
4709
2322
3537
424
860
1290
373
1156
2641
2281
2875
537
2628
4558
611
704
2942
455
2579
1110
3454
73
1607
1779
2788
901
3078
492
84
515
2434
1743
4265
2244
378
462
1973
3559
1928
2149
954
3581
4044
2027
3900
4145
4387
555
2980
4009
4767
2598
30
980
1936
1561
3674
1144
3105
3842
2495
4956
773
1943
1739
1072
1188
563
3016
2911
77
2227
1331
2920
3970
731
228
2683
470
3618
3696
2110
4011
1422
3192
3015
8
4395
1670
305
1705
2751
1153
2785
1121
4881
1042
4094
684
3400
3607
1718
3739
1653
4597
329
1216
3916
3266
4799
2558
4269
2443
2749
1853
